Seed: 1669915195
Optimal solution: 1, 2, 0, 2, 0, 1, 0, 2, 2, 1, 1, 1, 0, 1, 1, 2, 2, 0, 2, 2, 2, 1, 2, 2, 2, 0, 1, 0, 2, 1, 1, 1, 1, 1, 1, 0, 2, 0, 1, 2, 1, 1, 0, 1, 2, 2, 1, 0, 2, 0, 2, 1, 2, 2, 2, 0, 0, 2, 1, 0, 2, 1, 1, 0
Cost: 898


Seed: 23556884
Optimal solution: 1, 2, 2, 1, 1, 1, 0, 0, 2, 0, 1, 0, 1, 1, 0, 2, 1, 0, 1, 0, 0, 0, 0, 1, 2, 1, 0, 1, 0, 1, 2, 1, 1, 2, 1, 0, 2, 0, 2, 1, 0, 1, 2, 2, 0, 0, 0, 2, 1, 1, 1, 2, 2, 0, 1, 0, 1, 1, 1, 1, 1, 0, 2, 0
Cost: 894

Seed: 1669915240
Optimal solution: 2, 2, 2, 0, 1, 1, 2, 0, 0, 1, 2, 0, 2, 2, 1, 1, 0, 2, 2, 0, 1, 1, 1, 2, 0, 0, 2, 0, 0, 1, 2, 2, 2, 0, 2, 1, 2, 2, 0, 1, 0, 2, 2, 2, 0, 0, 1, 1, 2, 2, 0, 0, 2, 2, 0, 1, 1, 0, 2, 1, 1, 1, 0, 1
Cost: 681

Seed: 1669915250
Optimal solution: 1, 1, 2, 2, 0, 2, 2, 0, 0, 2, 1, 1, 0, 1, 1, 2, 0, 2, 0, 0, 2, 2, 1, 0, 0, 2, 0, 1, 2, 1, 0, 0, 1, 0, 0, 1, 1, 2, 2, 2, 2, 2, 2, 0, 0, 2, 1, 2, 0, 0, 0, 0, 0, 2, 1, 0, 0, 1, 2, 1, 2, 2, 2, 1
Cost: 602
